0000000000000000000000000000000000000000000000000000000000000000
0000000000000000000000000000000000000000000000000000000000000000
0000000000000000000000000000000000000000000000000000000000000000
0000000000000000000000000000000000000000000000000000000000000000
0000000000000000000000000000000000000000000000000000000000000000
0000000000000000000000000000000000000000000000000000000000000000
0000000000000000000000000000000000000000000000000000000000000000
0000000000000000000000000000000000000000000000000000000000000000
0000000000000000000000000000000000000000000000000000000000000000
0000000000000000000000000000000000000000000000000000000000000000
0000000000000000000000000000000000000000000000000000000000000000
1100000000000000000000000000000000000000000000000000000000000000
1100000000000000000000000000000000000000000111111111111111111000
1111111000000000111111111111111111100000000111111111111111111000
1111111000000000111111111111111111100000111111111111111111111110
1111111111111111111111111111111111111111111110011111111111111110
1111111111111111111111111111111111111111111110011111111111111110
0011111111111111111111111111111111111111111111111111111111111110
0011111111111111111111111111111111111111111111111111111111111110
0000011111111111111111111111111111111111111111111111111111111110
0000011111111111111111111111111111111111111111111111111111111110
0000011111111111111111111111111111111111111111111111111111111110
0000000111111111111111111111111111111111111111111111111111111110
0000000111111111111111111111111111111111111111111111111111111110
0000000001111111111111111111111111111111111111111111000000000000
0000000001111111111111111111111111111111111111111110000000000000
0000000000001111111111111111111111111100000111111111000000000000
0000000000001111111111111111111111111100000111111111111111000000
0000000000000011111111111111111111111100000000000000000000000000
0000000000000011111111111111111111111000000000000000000000000000
0000000000000011111111111110000000100000000000000000000000000000
0000000000000110000011111100000000100000000000000000000000000000
0000000000000110000011111100000000111100000000000000000000000000
0000000000000111100011110000000000111100000000000000000000000000
0000000000000111100011110000000000000000000000000000000000000000
0000000000000000000011000000000000000000000000000000000000000000
0000000000000000000011000000000000000000000000000000000000000000
0000000000000000000011000000000000000000000000000000000000000000
0000000000000000000011110000000000000000000000000000000000000000
0000000000000000000011110000000000000000000000000000000000000000
