0000000000000000000000000000000000000000000000000000000000000000
0000000000000000000000000000000000000000000000000000000000000000
0000000000000000000000000000000000000000000000000000000000000000
0000000000000000000000000000000000000000000000000000000000000000
0000000000000000000000000000000000000000000000000000000000000000
0000000000000000000000000000000000000000000000000000000000000000
0000000000000000000000000000000000000000000000000000000000000000
0000000000000000000000000000000000000000000000000000000000000000
0000000000000000000000000000000000000000000000000000000000000000
0000000000000000000000000000000000000000000000000000000000000000
0000000000000000000000000000000000000000000000000000000000000000
0100000000000000000000000000000000000000000000000000000000000000
0110000000000000000000000000000000000000000111111111111111111000
0111111000000000011111111111111111110000000111111111111111111000
0111111000000000011111111111111111110000011111111111111111111110
0111111111111111111111111111111111111111111110001111111111111110
0111111111111111111111111111111111111111111110001111111111111110
0001111111111111111111111111111111111111111111111111111111111110
0001111111111111111111111111111111111111111111111111111111111110
0000011111111111111111111111111111111111111111111111111111111110
0000011111111111111111111111111111111111111111111111111111111110
0000001111111111111111111111111111111111111111111111111111111110
0000000011111111111111111111111111111111111111111111111111111110
0000000011111111111111111111111111111111111111111111111111111110
0000000000111111111111111111111111111111111111111111000000000000
0000000000111111111111111111111111111111111111111111000000000000
0000000000001111111111111111111111111100000111111111000000000000
0000000000001111111111111111111111111100000111111111111111100000
0000000000000011111111111111111111111100000000000000000000000000
0000000000000011111111111111000111111100000000000000000000000000
0000000000000011111111111111000000110000000000000000000000000000
0000000000000111111100000111110000110000000000000000000000000000
0000000000000111111100000111110000111100000000000000000000000000
0000000000000111100000000000000000111100000000000000000000000000
0000000000000111100000000000000000000000000000000000000000000000
0000000000000110000000000000000000000000000000000000000000000000
0000000000000110000000000000000000000000000000000000000000000000
0000000000000110000000000000000000000000000000000000000000000000
0000000000000111100000000000000000000000000000000000000000000000
0000000000000111100000000000000000000000000000000000000000000000
