0000000000000000000000000000000000000000111100000000000000000000
0000000000000000000000000000000000000001111100000000000000000000
0000000000000000011000000000000000000001111100000000000000000000
0000000000000000111100000000000000000001111100000000000000000000
0000000000000000111100000000000000000001111100000000000000000000
0000000000000000111100000000000001100001111100000000000000000000
0000000000000000111100010000000001110001111100000000000000000000
0000000000000000111100011000000001110001111100000000000000000000
0000000000000000111100011000000001110001111100000000000000000000
0000000000000000111100011000000001110001111100001100000000000000
0000000000000000111100011000000001110001111100011110000000000000
0000000000000000111100011000000001110001111100011110000000000000
0000000000000000111100011000000001110001111100011110000000000000
0000000000001000111100011000000001110001111100011110000000000000
0000000000011100111111111000000001110001111100011110000000000000
0000000000011100111111110000000001110001111100011110000000000000
0000000000011100111100000001000001111001111100011110000000000000
0000000000011100111100000001100001111111111100011110000000000000
0000000000011100111100000001100001111111111100011110000000000000
0000000000011100111100000001100000111111111100011110000000000000
0000000000011100111100010001100100000001111100011110000000000000
0000000000011100111100011001100110000001111100011100000000000000
0000000000011100111100011001100110000001111111111000000000000000
0000000000011100111100011001100110000001111111110000000000000000
0000000000011111111100011001100110000001111110100000000000000000
0000000000000111111100011001100110000001111100000000000000000000
0000000000000111111100011001100110000001111100000000000000000000
0000000000000000111100011001100110000001111100000000000000000000
0000000000000000111100001111111100000001111100000000000000000000
0000000000000000111100000111100000000001111100000000000000000000
0000000000000000111100000001100000000001111100000000000000000000
0000000000000000111100000001100000000001111100000000000000000000
0000000000000000111100000001100000000001111100000000000000000000
0000000000000000111100000001100000000001111100000000000000000000
0000000000000000111100000001100000000001111100000000000000000000
0000000000000000111100000001100000000001111100000000000000000000
0000000000000000111100000001100000000001111100000000000000000000
0000000000000000111100000001100000000001111100000000000000000000
0000000000000000000000000000000000000000000000000000000000000000
0000000000000000000000000000000000000000000000000000000000000000
