0000000000000000000000000000000000100000000000010000000000000000
0000000000000000000000000000000000111111111111111000000000000000
0000000000000000000000000000000011111111111111111100000000000000
0000000000000000000000000000000011110011111111111110000000000000
0000000000000000000000000000000011110011111111111100000000000000
0000000000000000000000000000000011111111111111111100000000000000
0000000000000000000000000000000011111111111111111100000000000000
0000000000000000000000000000000011111111111111111100000000000000
0000000000000000000000000000000011111111111111111100000000000000
0000000000000000000000000000000011111111111111111110000000000000
0000000000000000000000000000000011111111100000000000000000000000
0000000000000000000000000000000011111111100000000000000000000000
0000000000000000000000000000000011111111110000000000000000000000
0000000000000000000000000000000011111111111111100000000000000000
0000000000000010000000000000000111111110000000000000000000000000
0000000000000110000000000000001111111110000000000000000000000000
0000000000000010000000000000111111111110000000000000000000000000
0000000000000010000000000001111111111110000000000000000000000000
0000000000000011100000000111111111111111111000000000000000000000
0000000000000011100000000111111111111111011000000000000000000000
0000000000000011111000011111111111111110001000000000000000000000
0000000000000011111000011111111111111110000000000000000000000000
0000000000000011111111111111111111111110000000000000000000000000
0000000000000011111111111111111111111110000000000000000000000000
0000000000000111111111111111111111111110000000000000000000000000
0000000000000001111111111111111111111110000000000000000000000000
0000000000000001111111111111111111111000000000000000000000000000
0000000000000000011111111111111111111000000000000000000000000000
0000000000000000011111111111111111111000000000000000000000000000
0000000000000000000111111111111111110000000000000000000000000000
0000000000000000000111111111111111100000000000000000000000000000
0000000000000000000001111111111111000000000000000000000000000000
0000000000000000000000111111001111000000000000000000000000000000
0000000000000000000000011111001111000000000000000000000000000000
0000000000000000000000011100000011000000000000000000000000000000
0000000000000000000000011100000011000000000000000000000000000000
0000000000000000000000010000000011000000000000000000000000000000
0000000000000000000000010000000011000000000000000000000000000000
0000000000000000000000011100000011100000000000000000000000000000
0000000000000000000000011100000011110000000000000000000000000000
