0000000000000000000000000000000000000000000000000000000000000000
0000000000000000000000000000000000000000000000000000000000000000
0000000000000000000000001100000000000000000000000000000000000000
0000000000000000000000001110100000000000000000000000000000000000
0000000000000000000000001111100000000000000000000000000000000000
0000000000000000000000001111100000000000000000000000000000000000
0000000000000000000000001111111100000000000000000000000000000000
0000000000000000000000001111111100000000000000000000000000000000
0000000000000000000000001111111100000000000000000000000000000000
0000000000000000000000000001111110000000000000000000000000000000
0000000000000000111110000001111111100000000000000000000000000000
0000000000000000111110000001111111100000000000000000000000000000
0000000000000111111110000001111111111000000000000000000000000000
0000000000000111111110000001111111111100000000000000000000000000
0000000000000111111110000001111111111000000000000000000000000000
0000000000111111111111100001111111111111000000000000000000000000
0000000000111111111111110001111111111111100000000000000000000000
0000000000111111111111100001111111111111100000000000000000000000
0000000111111111111111100001111111111111111000000000000000000000
0000000111111111111111100001111111111111111000000000000000000000
0000000111111111111111110001111111111111111000000000000000000000
0000111111111111111111111111111111111111111000000000000000000000
0000111111111111111111111111111111111111111000000000000000000000
0000111111111111111111111111111111111111111100000000000000000000
0000000000000000000001111111111111111111111111000000000000000000
0000000000000000000001111111111111111111111111000000000000000000
0000000000000000000001111111111111111111111111000000000000000000
0000000000000000000000001111111111111111111111111111111111111110
0000000000000000000000001111111111111111111111111111111111111110
0000000000000000000000001111111111111111111111111111111111111110
0000000000000000000000000001111111111111111111111111111000000000
0000000000000000000000000001111111111111111111111111111000000000
0000000000000000000000000001111111111111111111111111111000000000
0000000000000000000000000000001111111111111111111111111111110000
0000000000000000000000000000001111111111111111111111111111111000
0000000000000000000000000000001111111111111111111111111111110000
0000000000000000000000000000000001111111111111111111000000000000
0000000000000000000000000000000011111111111111111111000000000000
0000000000000000000000000000000001111111111111111111000000000000
0000000000000000000000000000000000000000000000000000000000000000
