0000000000000000000000000000000000000000000000000000000000000000
0000000000000000000000000000000000000000000000000000000000000000
0000000000000000000000000000000000000000000000000000000000000000
0000000000000000000000000000000000000000000000000000000000000000
0000000000000000000000000000000000000000000000000000000000000000
0000000000000000000000000000000000000000000000000000000000000000
0000000000000000000000000000000000000000000000000000000000000000
0000000000000000000000000000000000000000000000000000000000000000
0000000000000000000001111111111111111111111000000000000000000000
0000000000000000000001111111111111111111111000000000000000000000
0000000000000000000111111111111111111111111110000000000000000000
0000000000000000000111111111111111111111111110000000000000000000
0000000000000000000111111111110111111111111110000000000000000000
0000000000000000000111111111110011111111111110000000000000000000
0000000000000000000111111100000001110001111110000000000000000000
0000000000000000000111111000000000110001111110000000000000000000
0000000000000000000111111000000001110000111110000000000000000000
0000000000000000000111111001110011111000111110000000000000000000
0000000000000000000111111001110111111000111110000000000000000000
0000000000000000000111111001111111111000111110000000000000000000
0000000000000000000111111001111111111000111110000000000000000000
0000000000000000000111111001111111111000111110000000000000000000
0000000000000000000111111001111111111000111110000000000000000000
0000000000000000000111111000000000000001111110000000000000000000
0000000000000000000111111000000000000001111110000000000000000000
0000000000000000000111111111111111111111111110000000000000000000
0000000000000000000111111111111111111111111110000000000000000000
0000000000000000000111111111111111111111111110000000000000000000
0000000000000000000111111111111111111111111110000000000000000000
0000000000000000000001111111111111111111111100000000000000000000
0000000000000000000001111111111111111111111000000000000000000000
0000000000000000000000000000000000000000000000000000000000000000
0000000000000000000000000000000000000000000000000000000000000000
0000000000000000000000000000000000000000000000000000000000000000
0000000000000000000000000000000000000000000000000000000000000000
0000000000000000000000000000000000000000000000000000000000000000
0000000000000000000000000000000000000000000000000000000000000000
0000000000000000000000000000000000000000000000000000000000000000
0000000000000000000000000000000000000000000000000000000000000000
0000000000000000000000000000000000000000000000000000000000000000
